# You can place any extra information in this file, as long as it
# lives on its own line and doesn't contain the equals character.
# Don't even need the hash, technically.

[Global]
node_id=1
gravity=9.8127
use_indoor_positioning_system=0

[Stance]
freefall_sensitivity=3
struggle_threshold=20
climbing_threshold=1
crawling_threshold=0.5
running_threshold=3
walking_threshold=0.5
active_threshold=20

[Inference]
npu_vel_weight_confidence=1
inference_model_xml=/home/pi/arwain_inference_core/models/XYZ_RoNIN_v0.6.xml

[OrientationFiltering]
orientation_filter=madgwick
use_magnetometer=0
madgwick_beta=0.1
efaroe_beta=1.7320508
efaroe_zeta=0.017320508

[Magnetometer]
magn_bus=/dev/i2c-3
magn_address=28
log_magnetometer=0
mag_bias_x=-0.415521777258112
mag_bias_y=0.105232388190588
mag_bias_z=0.0575124232680503
mag_scale_x=0.951923
mag_scale_y=1.02278380823157
mag_scale_z=1.0116311580831

[PressureSensor]
sea_level_pressure=1013.25
pressure_address=119
pressure_bus=/dev/i2c-3

[IMU]
imu1_bus=/dev/i2c-1
imu1_address=104
imu2_bus=/dev/i2c-1
imu2_address=105
imu3_bus=/dev/i2c-4
imu3_address=104

[Gyroscope]
gyro1_bias_x=-0.000529028433719037
gyro1_bias_y=-0.00433430510377526
gyro1_bias_z=0.00475149195586913
gyro2_bias_x=-0.0345333074057703
gyro2_bias_y=-0.0288577909540932
gyro2_bias_z=-0.021363517353607
gyro3_bias_x=-0.0121561147647352
gyro3_bias_y=-0.026403489579541
gyro3_bias_z=-0.0333705100095087

[Accelerometer]
accel1_bias_x=-0.0313038039085926
accel1_bias_y=0.0473307464919884
accel1_bias_z=9.80282496105463
accel2_bias_x=-0.0829810137655781
accel2_bias_y=-0.099492833539285
accel2_bias_z=9.83291715433787
accel3_bias_x=-0.0749404754409904
accel3_bias_y=-0.124523795109281
accel3_bias_z=9.86202821050412
accel1_scale_x=0
accel1_scale_y=1.45210727969491
accel1_scale_z=0.726053639845902
accel2_scale_x=0
accel2_scale_y=1.51214128035418
accel2_scale_z=0.629017447198913
accel3_scale_x=0
accel3_scale_y=1.7527593818984
accel3_scale_z=0.565527065527078

[LoRa]
lora_address=/dev/spidev0.1
lora_rf_frequency=868
lora_packet_frequency=1
lora_tx_power=17
lora_spread_factor=12
lora_bandwidth=125
lora_coding_rate=48
lora_sync_word=18
lora_header_mode=explicit
lora_enable_crc=1
